33.7010122538603
-25.5944279947905
-30.4057101824708
22.8535511096586
33.9835340562146
21.4628734204102
-2.83097286730218
-2.54142383032879
-8.63702634939598
-1.48234766709919
-26.2121880567094
17.2709052241574
42.5733535833749
-7.01982312803147
-2.97577590923156
2.37540631171474
29.3081305055258
-21.3038634033936
39.4348214443662
1.60325413503458
30.5510127459392
-11.2897699413292
-20.310923557049
-24.0008054038256
22.7054559019712
0.911754121571847
22.2164928378737
-9.89872082389754
23.1041738881446
-7.06388417348782
-5.47720723719324
34.1147354815545
-1.5819092114042
20.4125131163098
-40.5409230483848
-14.5315405339335
-2.55868636977999
54.9962268323161
7.30756080664715
44.4774333628914
78.0312973320061
8.16763924193406
0.972660270926393
8.15690508326778
-16.0622223933008
8.38963131312225
30.1590065697329
16.6418448361409
16.3196409608775
9.5718459921879
-8.38002924295592
2.95919190246803
-20.780006373614
-16.0082559174003
3.40752300151809
47.767197123628
-1.11769256098035
-62.3775697315176
20.8263581303011
23.1861112641185
-25.087949174745
-33.865999821401
-16.6993617599871
-16.4178285463739
-3.28232211147154
8.9162986022454
17.9901793608884
-36.3299259303678
-24.3129096188045
4.9383445281359
2.45431275659229
15.7752143734944
8.69523913458945
-20.5187425344312
16.3243355352828
-11.4890901688022
-2.42889932136817
8.20269025128834
-1.42805676620972
6.32373788368175
-49.2713968909681
-14.0078637956099
-18.7729276881984
-25.5070665725744
-20.272905848914
-49.357941440284
15.6116607215899
-7.04087763305422
15.714386150454
4.347310087941
7.87754649020776
30.4089149990338
53.6040631572944
-24.6311022267799
-10.1921132067982
13.6567354692924
-6.19917639513007
-9.77855515882464
43.0301158087073
7.92191985373616
-32.7485818739639
3.04644321995949
11.0348413781065
-4.13001716509913
21.5661508786545
-28.1713543760785
-14.3819951395662
23.7842844288742
-13.7335462790836
5.71694614401722
18.0268150889125
0.631747686499397
-13.7032810482852
30.5663888780529
-24.8958060725163
-15.711888039292
16.2512773583226
7.86283645623774
-3.42254837113553
-23.5015131116744
8.29488417288711
32.6915117268532
-25.2744242632258
19.2430019330854
-0.724227001042573
0.119280647820492
16.8832079722759
3.6331664990886
-7.59886029885219
24.3171221290253
36.2838898980084
-38.0106800717069
-34.2426301277304
29.9699119111389
-27.2126310098424
8.86807408517815
-9.48647503541762
-14.229220727438
-28.227235493193
9.53428041988816
2.31722931104695
-12.9113391200486
-13.3077683595876
-50.178553090967
-18.4553690556325
12.6864162269197
2.92014582171546
41.5898942760131
32.3219519005612
-26.8462390433807
4.52355818274579
-19.4164246148312
-16.8438740470695
27.220304078352
1.31614420430379
-3.23414688758158
-2.39734419046466
26.1331705394803
2.11380175502229
-23.5692600055819
-5.65774339733247
31.6604831573668
-3.77255628197935
-21.2516663143482
32.1899905603184
-31.0367247642395
7.50754153223119
14.1066738252568
31.9072777847815
38.1393904952179
1.85455081161012
12.459164054436
21.233144227865
45.4476538875359
-1.74571416812842
-20.6371951366363
-1.80942188069562
15.4495329317809
39.6320141316911
-9.12133020473487
17.4559006511602
32.0700211406813
-14.1673197150886
-0.931839098939516
19.3885920843194
-19.2724380228841
-26.8473809450494
-31.4161164943464
-17.7757040360106
-14.6528344655229
-8.58677209041737
-15.8873831010093
27.9044867541022
14.6786700930813
-0.576019151662074
-6.04947950454206
-32.621054843731
-11.1218379740867
12.7306062545895
-23.8303527461515
