33.7191296092364
-25.1677110491142
-30.5098690533393
22.7593543609622
34.6288584556524
21.2684022550866
-3.03622839916165
-2.42012542101224
-8.55824640565271
-2.20200945957438
-25.5970946494844
16.5426718779036
42.4468245310839
-6.92440966942911
-3.06636250021926
2.90248507658897
28.9265048077851
-20.9976865357376
38.9172541822422
2.23563797824233
30.5564202266364
-10.3586579607658
-19.2120520619691
-23.7621303012532
22.637919871227
0.59353137469766
20.6592589896144
-9.91592116816244
22.369844674051
-7.73180682649258
-6.05333041176154
33.5143723200541
-1.23053485312404
20.0212458265938
-40.1745134574152
-13.6682487724923
-2.06438959954355
55.0667543778646
6.98607117567237
44.2403867309885
76.7460114927386
7.7611880349115
1.72253787383882
6.68600857582214
-16.0268696089945
8.48985582741041
30.4674152370784
16.2681714490799
15.9751023416162
9.42385874344736
-8.8799574572489
3.54230222694978
-20.7042689523908
-16.6103992953145
3.86978319581993
46.9044938220863
-1.31888043583136
-62.0455340572159
20.4807319186776
22.8552482591486
-25.2236437015506
-33.362142673149
-16.8625600348585
-16.9245779230579
-2.78925433801077
8.11732053309925
17.9123926677874
-36.3841598715012
-23.9574682055867
4.19857453496486
3.27522806275184
15.4594279393575
7.76815085295484
-20.7921389140403
15.2412190734683
-10.7366339834907
-2.55517596042982
8.74045975416211
-2.07789703705682
6.48344047180467
-48.5645701291067
-13.9037769919397
-18.6637951573527
-25.3097514028141
-20.4016890165332
-49.1971303173258
15.4201166122502
-7.35379686987664
15.6337232015481
3.36573077215261
8.03950105788834
29.5205137266371
53.5530275601086
-25.1843053450855
-9.79042197322755
13.3382545529313
-6.03447969792814
-9.74625496133408
41.6550015201455
7.94550552300003
-32.5026805939712
2.65786295262145
10.8552164454828
-4.25395426383457
21.6538105998037
-27.5418323908498
-14.8863679368962
23.5096851390486
-13.6575751873498
5.050166852381
18.0419879226045
0.822376144621694
-13.6603791418035
29.9371640971282
-24.1924189677382
-15.0375132210723
16.0994343411038
7.1974967079023
-2.86637720921636
-24.3442896943888
7.75580593691548
32.4290874757813
-25.1803358428746
19.1353563652805
-0.635947547305036
-0.517763639779469
16.2310053829643
3.47747176592937
-6.23851540326024
24.0920347393439
35.374143145685
-37.1793030857241
-34.3199348310995
29.2516764230816
-26.9988353478784
8.34972204712808
-8.55819496409035
-14.1036095857621
-27.7522443523131
9.39872062044013
2.18259552723043
-12.8885103433598
-12.8503790933884
-48.8716827624678
-18.630336116143
12.6700351365621
2.9269423990661
40.9719043442332
31.8611726924662
-26.504663310275
4.0390547597563
-18.7459769440025
-16.6588992854047
27.1244748049409
1.65253437033651
-4.30499496844527
-2.38026745703936
25.0613653835478
2.20055718927252
-23.0139288730884
-4.42276359590116
31.3886160195226
-2.80325512829946
-20.7441315719526
31.8008194865368
-30.4392114406859
6.80870865729343
14.351367467519
32.2962308897676
38.3497131950123
1.99088778891481
11.06763836801
20.8750025144589
44.8782264198754
-0.529328747395073
-20.6125031929021
-1.92143602100073
14.289047431537
39.2516791500354
-8.28958202750293
17.3703084068062
30.8052957507679
-12.9617314675562
-0.795015891220776
19.5379410551724
-19.1661820726938
-26.7188078613916
-30.9951382285091
-17.8363193661266
-14.7289828202176
-8.10669186001888
-16.3858583888142
27.4953019718249
14.2070302479362
-0.665980458583288
-6.29806091060291
-33.6145538954742
-10.7878765522969
12.6289320111385
-23.1765423441067
